    2.0278968931488617    0.021343802420439886    -0.011256241184459686  
    2.0653392814632388    0.02308479513237463    3.7747228654306757  
    2.102809779391601    0.02309871348635384    6.693548490608398  
    2.1402801678681067    0.023113297809800842    7.5561392607860345  
    2.1777498379707314    0.023512496890597992    8.842728466649703  
    2.2152203369899026    0.023497116693501324    9.910883190954014  
    2.2526907085310635    0.023574145522750944    10.74575720938406  
    2.290159943056509    0.024098151796032655    11.558988600357274  
    2.327630282265949    0.02425507714252656    12.316583083092493  
    2.3650995322907704    0.02478981120928629    13.032642757696404  
    2.4025683306399674    0.025400287602760946    13.703445783573438  
    2.440038371882993    0.02560803510830173    14.38704705977532  
    2.47750393346787    0.02667098808264229    15.022371367382744  
    2.5149711672819217    0.02753459075024034    15.57599435680771  
    2.5524357843451604    0.028685011569729302    16.169528721328348  
    2.589893077827535    0.030425860969534674    16.735858271186366  
    2.6273481029888663    0.03228836665477919    17.260522092638663  
    2.6647799446379086    0.03526624332263756    17.821062012147678  
    2.7022045789462426    0.03845857947903139    18.389031345022484  
    2.7395407590995644    0.04396792004181185    18.927022448177418  
    2.776697255475258    0.05239007470428153    19.47103617944761  
    2.81348708359198    0.06477534339507154    20.071924795380614  
    2.8496895094512085    0.08165542419261274    20.69332924014118  
    2.8852014134396935    0.10257821836129785    20.96611901688022  
    2.918975989591197    0.13095732933480453    20.290293827350087  
    2.94663268131186    0.17461572001460254    19.454289066718495  
    2.954215353700368    0.2383411021451771    19.244399405492096  
    2.958899906129795    0.3033960754675812    18.717534002818873  
    2.963549269729499    0.36846270650497215    18.04979705511438  
    2.9680877828841017    0.4335532802510873    17.49553758573077  
    2.97179037411758    0.49880469328821575    17.020499395457602  
    2.9754494868491905    0.5640646625897247    16.464569652812834  
    2.9788918502354083    0.6293606533740984    15.827608751531166  
    2.982026431523585    0.6947040320910658    15.28582758659252  
    2.9851381965174317    0.7600509012696044    14.827790195078233  
    2.987197281935011    0.8255238286425827    14.408092534366315  
    2.9874437506724494    0.8910922362155106    14.230229979659905  
    2.9859496273185564    0.9566134259473976    14.46647274792648  
    2.9846730619044135    1.0221474105207335    14.782656049259511  
    2.9848238190088567    1.0877202566134392    14.756664849197675  
    2.985875064304251    1.153267489838    14.397352714619661  
    2.9869744974839154    1.2188126329433495    13.941999285384094  
    2.988155844883045    1.2843534044655769    13.44009231324004  
    2.9891960492539003    1.3499014785661334    12.848866472859362  
    2.990732032754228    1.4154193326663354    12.14115886008088  
    2.99230151232031    1.4809351627805438    11.289611285917289  
    2.9944706159953927    1.5463976638107337    10.364962170584851  
    2.9969555194209434    1.611826522916994    9.532210724356002  
    2.999221853209666    1.677279709397638    8.781165151166224  
    3.002065111589288    1.7426633164598513    8.386283482930763  
